12.937 143.343 506.625 542.093 600.312 630.937 693.656 731.156 814.437 861.125 1163.062 1598.281 1623.843 1635.500 
15.750 90.687 502.406 597.562 608.562 685.625 922.625 1163.343 1305.437 1336.187 1574.250 
212.718 284.062 504.250 607.937 733.750 789.500 888.437 1318.750 1575.531 
45.281 58.312 219.187 233.375 499.875 502.343 509.218 518.468 597.750 635.906 711.812 822.000 921.968 1118.937 1164.375 1173.656 1219.093 1248.656 1410.656 1543.093 1659.843 
12.468 68.125 262.625 446.218 499.812 508.781 541.687 687.781 729.375 788.937 808.031 821.250 897.656 1117.968 1218.875 1220.281 1233.593 1274.968 1317.906 1450.781 1526.562 1632.468 
17.781 58.843 84.062 220.250 311.468 444.593 498.218 503.718 541.000 599.156 671.812 685.250 724.062 746.437 790.312 808.000 866.218 904.500 1109.843 1161.531 1217.500 1220.531 1228.281 1242.218 1317.750 1410.468 1509.125 
24.687 46.375 181.656 289.937 608.343 676.281 722.218 800.343 834.687 919.687 1217.343 1219.781 1222.437 1228.781 1236.906 1315.937 1335.968 1408.250 1543.031 1560.625 1606.812 1643.250 
12.343 44.375 65.781 71.937 369.187 401.906 499.093 601.312 626.531 731.875 748.375 871.906 909.593 1173.156 1273.062 1327.687 1337.125 1402.312 1459.468 1518.875 1535.750 1541.500 1582.812 1597.187 1612.562 
22.093 52.031 63.406 467.718 501.343 501.875 511.281 541.125 680.343 722.312 788.406 810.468 856.437 921.843 1160.468 1217.843 1219.656 1257.125 1576.437 
12.781 78.156 175.656 496.906 499.375 501.156 530.500 633.343 683.625 686.781 921.031 923.031 1165.750 1317.562 1442.406 1544.781 1602.062 1623.375 
